# GroveKart のコース中心線（2m ごと、x z）。make_grove_kart.py が書く
width 12.0
-1.86 -20.11
-1.81 -18.12
-1.74 -16.12
-1.67 -14.12
-1.60 -12.12
-1.52 -10.12
-1.43 -8.12
-1.34 -6.12
-1.25 -4.13
-1.15 -2.13
-1.05 -0.13
-0.95 1.87
-0.84 3.86
-0.74 5.86
-0.63 7.86
-0.52 9.85
-0.41 11.85
-0.31 13.85
-0.20 15.85
-0.10 17.84
-0.01 19.84
0.08 21.84
0.17 23.84
0.26 25.84
0.34 27.83
0.42 29.83
0.51 31.83
0.60 33.83
0.69 35.83
0.79 37.82
0.90 39.82
1.02 41.82
1.15 43.81
1.30 45.81
1.47 47.80
1.66 49.79
1.88 51.78
2.13 53.76
2.42 55.74
2.74 57.72
3.11 59.68
3.52 61.64
3.99 63.58
4.52 65.51
5.10 67.42
5.75 69.32
6.46 71.19
7.23 73.03
8.07 74.85
8.96 76.64
9.91 78.40
10.91 80.13
11.97 81.83
13.08 83.49
14.24 85.12
15.44 86.71
16.70 88.27
18.01 89.78
19.36 91.26
20.76 92.69
22.21 94.07
23.70 95.39
25.24 96.67
26.83 97.88
28.47 99.03
30.16 100.10
31.91 101.07
33.71 101.93
35.56 102.70
37.45 103.36
39.36 103.94
41.30 104.43
43.26 104.82
45.24 105.14
47.22 105.36
49.22 105.51
51.22 105.56
53.22 105.52
55.21 105.38
57.20 105.13
59.16 104.77
61.10 104.28
63.00 103.64
64.82 102.83
66.58 101.88
68.28 100.82
69.90 99.66
71.47 98.41
72.98 97.09
74.42 95.71
75.81 94.27
77.13 92.78
78.40 91.23
79.61 89.63
80.74 87.99
81.80 86.29
82.78 84.55
83.67 82.75
84.43 80.91
85.07 79.01
85.60 77.08
86.02 75.13
86.34 73.15
86.56 71.17
86.70 69.17
86.75 67.17
86.71 65.17
86.59 63.18
86.38 61.19
86.08 59.21
85.68 57.25
85.17 55.32
84.55 53.42
83.80 51.56
82.83 49.82
81.64 48.21
80.31 46.72
78.88 45.32
77.37 44.00
75.82 42.74
74.25 41.51
72.66 40.30
71.06 39.09
69.48 37.86
67.93 36.61
66.42 35.29
64.98 33.91
63.64 32.42
62.47 30.80
61.50 29.05
60.62 27.25
59.82 25.42
59.11 23.55
58.48 21.66
57.94 19.73
57.50 17.78
57.17 15.81
56.95 13.82
56.87 11.82
56.92 9.82
57.13 7.83
57.49 5.87
58.02 3.94
58.76 2.08
59.72 0.33
60.83 -1.33
62.05 -2.92
63.35 -4.44
64.70 -5.91
66.10 -7.34
67.51 -8.76
68.94 -10.16
70.37 -11.56
71.79 -12.97
73.19 -14.39
74.56 -15.85
75.89 -17.35
77.16 -18.89
78.36 -20.49
79.58 -22.08
80.82 -23.64
82.09 -25.19
83.37 -26.73
84.64 -28.27
85.91 -29.81
87.17 -31.37
88.40 -32.95
89.59 -34.55
90.73 -36.19
91.82 -37.87
92.83 -39.60
93.75 -41.37
94.57 -43.20
95.25 -45.08
95.79 -47.00
96.17 -48.97
96.44 -50.95
96.62 -52.94
96.72 -54.94
96.75 -56.94
96.71 -58.94
96.61 -60.93
96.45 -62.93
96.22 -64.91
95.94 -66.89
95.59 -68.86
95.18 -70.82
94.70 -72.76
94.15 -74.69
93.53 -76.59
92.82 -78.46
92.03 -80.29
91.13 -82.08
90.12 -83.81
89.00 -85.46
87.77 -87.04
86.45 -88.54
85.06 -89.98
83.61 -91.35
82.10 -92.66
80.53 -93.91
78.93 -95.10
77.28 -96.23
75.59 -97.31
73.87 -98.33
72.12 -99.29
70.34 -100.20
68.53 -101.04
66.68 -101.83
64.82 -102.54
62.92 -103.18
61.00 -103.74
59.06 -104.22
57.10 -104.63
55.14 -104.99
53.16 -105.29
51.17 -105.53
49.18 -105.70
47.18 -105.82
45.18 -105.86
43.18 -105.83
41.19 -105.72
39.20 -105.53
37.22 -105.25
35.25 -104.87
33.31 -104.39
31.40 -103.80
29.53 -103.09
27.71 -102.26
25.96 -101.30
24.29 -100.21
22.69 -99.01
21.13 -97.75
19.63 -96.43
18.17 -95.06
16.76 -93.64
15.40 -92.17
14.09 -90.66
12.84 -89.10
11.64 -87.51
10.49 -85.87
9.40 -84.19
8.36 -82.49
7.37 -80.74
6.44 -78.97
5.56 -77.18
4.74 -75.35
3.97 -73.51
3.26 -71.64
2.59 -69.75
1.98 -67.85
1.42 -65.93
0.90 -64.00
0.44 -62.05
0.00 -60.00
-0.36 -58.03
-0.67 -56.06
-0.93 -54.07
-1.15 -52.09
-1.34 -50.10
-1.50 -48.10
-1.63 -46.11
-1.74 -44.11
-1.83 -42.11
-1.90 -40.11
-1.95 -38.11
-1.99 -36.11
-2.01 -34.11
-2.02 -32.11
-2.02 -30.11
-2.01 -28.11
-1.98 -26.11
-1.95 -24.11
-1.91 -22.11
